1565013010
1598981701
4534086790
1536490809
8367121601
1647000860
6841518496
5738058254
3729818105
186263798
2109397380
37827751663
4011688897
10362745521
7393280344
44500423729
3544667873
12795567515
4720638413
3768160153
14163340382
1089021043
4675224980
1339713342
2904647289
3221887188
4012052954
6767630002
4588998378
1643256631
3617397731
3572887290
4008683702
5911642563
15496761393
401787177
1413032126
5753627437
13742693785
2307190399
3269755667
1961330966
1535910799
2161002204
2897554561
13021340368
2180355818
5876092125
13307843068
7094262193
5400115612
8580023060
2239596481
2357000812
6788740916
7207379285
1202656152
35570155237
15051587876
7100179598
1549394116
1513571940
2213230195
1421708611
4470539100
1446616438
3972963087
2215786737
3873207549
5772029047
4985498702
1964989853
8460478306
3505711357
4869836528
14732712883
7430605106
7496796331
2069544841
6768629188
